9.020996093750000000e-01 7.248535156250000000e-01 8.123779296875000000e-01 8.320312500000000000e-01 7.800292968750000000e-01 6.511230468750000000e-01 7.937011718750000000e-01 8.631591796875000000e-01 6.386718750000000000e-01 7.094726562500000000e-01 8.138427734375000000e-01 7.884521484375000000e-01 8.090820312500000000e-01 8.110351562500000000e-01 8.598632812500000000e-01 8.361816406250000000e-01
7.248535156250000000e-01 8.177490234375000000e-01 7.266845703125000000e-01 7.509765625000000000e-01 7.089843750000000000e-01 5.627441406250000000e-01 7.072753906250000000e-01 7.796630859375000000e-01 5.842285156250000000e-01 6.375732421875000000e-01 7.336425781250000000e-01 7.180175781250000000e-01 7.308349609375000000e-01 7.252197265625000000e-01 7.756347656250000000e-01 7.541503906250000000e-01
8.123779296875000000e-01 7.266845703125000000e-01 9.071044921875000000e-01 8.375244140625000000e-01 7.877197265625000000e-01 6.492919921875000000e-01 7.956542968750000000e-01 8.663330078125000000e-01 6.503906250000000000e-01 7.154541015625000000e-01 8.156738281250000000e-01 7.928466796875000000e-01 8.143310546875000000e-01 8.138427734375000000e-01 8.631591796875000000e-01 8.408203125000000000e-01
8.320312500000000000e-01 7.509765625000000000e-01 8.375244140625000000e-01 9.287109375000000000e-01 8.039550781250000000e-01 6.738281250000000000e-01 8.183593750000000000e-01 8.868408203125000000e-01 6.602783203125000000e-01 7.331542968750000000e-01 8.380126953125000000e-01 8.117675781250000000e-01 8.334960937500000000e-01 8.327636718750000000e-01 8.854980468750000000e-01 8.610839843750000000e-01
7.800292968750000000e-01 7.089843750000000000e-01 7.877197265625000000e-01 8.039550781250000000e-01 8.757324218750000000e-01 6.269531250000000000e-01 7.657470703125000000e-01 8.330078125000000000e-01 6.086425781250000000e-01 6.715087890625000000e-01 7.864990234375000000e-01 7.625732421875000000e-01 7.823486328125000000e-01 7.858886718750000000e-01 8.352050781250000000e-01 8.112792968750000000e-01
6.511230468750000000e-01 5.627441406250000000e-01 6.492919921875000000e-01 6.738281250000000000e-01 6.269531250000000000e-01 7.398681640625000000e-01 6.265869140625000000e-01 6.987304687500000000e-01 5.279541015625000000e-01 5.562744140625000000e-01 6.590576171875000000e-01 6.489257812500000000e-01 6.655273437500000000e-01 6.500244140625000000e-01 6.999511718750000000e-01 6.871337890625000000e-01
7.937011718750000000e-01 7.072753906250000000e-01 7.956542968750000000e-01 8.183593750000000000e-01 7.657470703125000000e-01 6.265869140625000000e-01 8.958740234375000000e-01 8.455810546875000000e-01 6.329345703125000000e-01 6.989746093750000000e-01 7.960205078125000000e-01 7.796630859375000000e-01 7.965087890625000000e-01 7.989501953125000000e-01 8.450927734375000000e-01 8.222656250000000000e-01
8.631591796875000000e-01 7.796630859375000000e-01 8.663330078125000000e-01 8.868408203125000000e-01 8.330078125000000000e-01 6.987304687500000000e-01 8.455810546875000000e-01 9.611816406250000000e-01 6.866455078125000000e-01 7.547607421875000000e-01 8.662109375000000000e-01 8.405761718750000000e-01 8.653564453125000000e-01 8.656005859375000000e-01 9.161376953125000000e-01 8.925781250000000000e-01
6.386718750000000000e-01 5.842285156250000000e-01 6.503906250000000000e-01 6.602783203125000000e-01 6.086425781250000000e-01 5.279541015625000000e-01 6.329345703125000000e-01 6.866455078125000000e-01 7.246093750000000000e-01 5.249023437500000000e-01 6.343994140625000000e-01 6.030273437500000000e-01 6.286621093750000000e-01 6.385498046875000000e-01 6.861572265625000000e-01 6.597900390625000000e-01
7.094726562500000000e-01 6.375732421875000000e-01 7.154541015625000000e-01 7.331542968750000000e-01 6.715087890625000000e-01 5.562744140625000000e-01 6.989746093750000000e-01 7.547607421875000000e-01 5.249023437500000000e-01 7.907714843750000000e-01 7.036132812500000000e-01 6.827392578125000000e-01 7.070312500000000000e-01 7.001953125000000000e-01 7.514648437500000000e-01 7.329101562500000000e-01
8.138427734375000000e-01 7.336425781250000000e-01 8.156738281250000000e-01 8.380126953125000000e-01 7.864990234375000000e-01 6.590576171875000000e-01 7.960205078125000000e-01 8.662109375000000000e-01 6.343994140625000000e-01 7.036132812500000000e-01 9.080810546875000000e-01 7.875976562500000000e-01 8.115234375000000000e-01 8.135986328125000000e-01 8.637695312500000000e-01 8.405761718750000000e-01
7.884521484375000000e-01 7.180175781250000000e-01 7.928466796875000000e-01 8.117675781250000000e-01 7.625732421875000000e-01 6.489257812500000000e-01 7.796630859375000000e-01 8.405761718750000000e-01 6.030273437500000000e-01 6.827392578125000000e-01 7.875976562500000000e-01 8.818359375000000000e-01 7.857666015625000000e-01 7.902832031250000000e-01 8.394775390625000000e-01 8.150634765625000000e-01
8.090820312500000000e-01 7.308349609375000000e-01 8.143310546875000000e-01 8.334960937500000000e-01 7.823486328125000000e-01 6.655273437500000000e-01 7.965087890625000000e-01 8.653564453125000000e-01 6.286621093750000000e-01 7.070312500000000000e-01 8.115234375000000000e-01 7.857666015625000000e-01 9.029541015625000000e-01 8.094482421875000000e-01 8.594970703125000000e-01 8.355712890625000000e-01
8.110351562500000000e-01 7.252197265625000000e-01 8.138427734375000000e-01 8.327636718750000000e-01 7.858886718750000000e-01 6.500244140625000000e-01 7.989501953125000000e-01 8.656005859375000000e-01 6.385498046875000000e-01 7.001953125000000000e-01 8.135986328125000000e-01 7.902832031250000000e-01 8.094482421875000000e-01 9.024658203125000000e-01 8.590087890625000000e-01 8.376464843750000000e-01
8.598632812500000000e-01 7.756347656250000000e-01 8.631591796875000000e-01 8.854980468750000000e-01 8.352050781250000000e-01 6.999511718750000000e-01 8.450927734375000000e-01 9.161376953125000000e-01 6.861572265625000000e-01 7.514648437500000000e-01 8.637695312500000000e-01 8.394775390625000000e-01 8.594970703125000000e-01 8.590087890625000000e-01 9.560546875000000000e-01 8.887939453125000000e-01
8.361816406250000000e-01 7.541503906250000000e-01 8.408203125000000000e-01 8.610839843750000000e-01 8.112792968750000000e-01 6.871337890625000000e-01 8.222656250000000000e-01 8.925781250000000000e-01 6.597900390625000000e-01 7.329101562500000000e-01 8.405761718750000000e-01 8.150634765625000000e-01 8.355712890625000000e-01 8.376464843750000000e-01 8.887939453125000000e-01 9.322509765625000000e-01
