8.875632286071777344e-02 -1.197737455368041992e-02 -5.038678646087646484e-03 -4.651069641113281250e-03 -7.552981376647949219e-03 -1.392930746078491211e-02 -6.321251392364501953e-03 -1.485943794250488281e-03 -1.129817962646484375e-02 -3.688931465148925781e-03 -2.472937107086181641e-03 -5.735516548156738281e-03 -5.031883716583251953e-03 -2.858579158782958984e-03 -2.359867095947265625e-03 -4.353821277618408203e-03
-1.197737455368041992e-02 1.502328962087631226e-01 -1.383645832538604736e-02 -6.997823715209960938e-03 -4.508882761001586914e-03 -3.974576294422149658e-02 -1.748774945735931396e-02 -3.643602132797241211e-03 -4.597902297973632812e-03 -8.500188589096069336e-03 -5.881115794181823730e-03 -1.459687948226928711e-03 -6.694063544273376465e-03 -1.210983097553253174e-02 -5.477786064147949219e-03 -7.314667105674743652e-03
-5.038678646087646484e-03 -1.383645832538604736e-02 8.559416234493255615e-02 -3.348112106323242188e-03 -3.806859254837036133e-03 -1.909102499485015869e-02 -8.374735713005065918e-03 -2.642363309860229492e-03 -2.834558486938476562e-03 -1.279085874557495117e-03 -4.730090498924255371e-03 -5.318373441696166992e-03 -3.860041499137878418e-03 -4.127040505409240723e-03 -3.382086753845214844e-03 -3.924652934074401855e-03
-4.651069641113281250e-03 -6.997823715209960938e-03 -3.348112106323242188e-03 6.801986694335937500e-02 -6.227016448974609375e-03 -1.030802726745605469e-02 -4.619836807250976562e-03 -2.615451812744140625e-03 -8.342742919921875000e-03 -4.715919494628906250e-04 -1.727342605590820312e-03 -5.209445953369140625e-03 -3.978967666625976562e-03 -4.484891891479492188e-03 -1.466751098632812500e-03 -3.570795059204101562e-03
-7.552981376647949219e-03 -4.508882761001586914e-03 -3.806859254837036133e-03 -6.227016448974609375e-03 1.130952239036560059e-01 -1.703503727912902832e-02 -8.936256170272827148e-03 -4.251420497894287109e-03 -2.074098587036132812e-02 -1.906484365463256836e-02 -3.961533308029174805e-03 -6.460130214691162109e-03 -5.979865789413452148e-03 -2.226620912551879883e-03 2.911090850830078125e-04 -2.633899450302124023e-03
-1.392930746078491211e-02 -3.974576294422149658e-02 -1.909102499485015869e-02 -1.030802726745605469e-02 -1.703503727912902832e-02 1.960699409246444702e-01 -2.757327258586883545e-02 -8.270233869552612305e-03 -3.511667251586914062e-03 -2.686163783073425293e-02 -8.425220847129821777e-03 -4.634559154510498047e-04 -1.551359891891479492e-04 -1.547802984714508057e-02 -5.069136619567871094e-03 -1.529902219772338867e-04
-6.321251392364501953e-03 -1.748774945735931396e-02 -8.374735713005065918e-03 -4.619836807250976562e-03 -8.936256170272827148e-03 -2.757327258586883545e-02 1.089542955160140991e-01 -4.902988672256469727e-03 -6.390333175659179688e-03 -2.506881952285766602e-03 -6.925657391548156738e-03 -1.517444849014282227e-03 -4.271641373634338379e-03 -1.613661646842956543e-03 -3.008961677551269531e-03 -4.503622651100158691e-03
-1.485943794250488281e-03 -3.643602132797241211e-03 -2.642363309860229492e-03 -2.615451812744140625e-03 -4.251420497894287109e-03 -8.270233869552612305e-03 -4.902988672256469727e-03 4.199880361557006836e-02 -4.321575164794921875e-03 -3.383696079254150391e-03 -1.594096422195434570e-03 -3.705084323883056641e-03 -1.079142093658447266e-04 3.702938556671142578e-04 -4.703998565673828125e-04 -9.743273258209228516e-04
-1.129817962646484375e-02 -4.597902297973632812e-03 -2.834558486938476562e-03 -8.342742919921875000e-03 -2.074098587036132812e-02 -3.511667251586914062e-03 -6.390333175659179688e-03 -4.321575164794921875e-03 2.051963806152343750e-01 -4.500913619995117188e-02 -1.794600486755371094e-02 -3.163480758666992188e-02 -2.192378044128417969e-02 -1.186013221740722656e-02 -2.874374389648437500e-03 -1.191020011901855469e-02
-3.688931465148925781e-03 -8.500188589096069336e-03 -1.279085874557495117e-03 -4.715919494628906250e-04 -1.906484365463256836e-02 -2.686163783073425293e-02 -2.506881952285766602e-03 -3.383696079254150391e-03 -4.500913619995117188e-02 1.654519438743591309e-01 -1.215460896492004395e-02 -1.362615823745727539e-02 -6.806045770645141602e-03 -1.344892382621765137e-02 -4.555940628051757812e-03 -4.094272851943969727e-03
-2.472937107086181641e-03 -5.881115794181823730e-03 -4.730090498924255371e-03 -1.727342605590820312e-03 -3.961533308029174805e-03 -8.425220847129821777e-03 -6.925657391548156738e-03 -1.594096422195434570e-03 -1.794600486755371094e-02 -1.215460896492004395e-02 8.878205716609954834e-02 -9.492427110671997070e-03 -5.565717816352844238e-03 -3.269538283348083496e-03 -1.604676246643066406e-03 -3.031089901924133301e-03
-5.735516548156738281e-03 -1.459687948226928711e-03 -5.318373441696166992e-03 -5.209445953369140625e-03 -6.460130214691162109e-03 -4.634559154510498047e-04 -1.517444849014282227e-03 -3.705084323883056641e-03 -3.163480758666992188e-02 -1.362615823745727539e-02 -9.492427110671997070e-03 1.063527464866638184e-01 -9.173542261123657227e-03 -4.441946744918823242e-03 -2.438783645629882812e-03 -5.675941705703735352e-03
-5.031883716583251953e-03 -6.694063544273376465e-03 -3.860041499137878418e-03 -3.978967666625976562e-03 -5.979865789413452148e-03 -1.551359891891479492e-04 -4.271641373634338379e-03 -1.079142093658447266e-04 -2.192378044128417969e-02 -6.806045770645141602e-03 -5.565717816352844238e-03 -9.173542261123657227e-03 8.806882798671722412e-02 -5.216643214225769043e-03 -3.543019294738769531e-03 -5.760565400123596191e-03
-2.858579158782958984e-03 -1.210983097553253174e-02 -4.127040505409240723e-03 -4.484891891479492188e-03 -2.226620912551879883e-03 -1.547802984714508057e-02 -1.613661646842956543e-03 3.702938556671142578e-04 -1.186013221740722656e-02 -1.344892382621765137e-02 -3.269538283348083496e-03 -4.441946744918823242e-03 -5.216643214225769043e-03 8.802126348018646240e-02 -3.797888755798339844e-03 -3.457829356193542480e-03
-2.359867095947265625e-03 -5.477786064147949219e-03 -3.382086753845214844e-03 -1.466751098632812500e-03 2.911090850830078125e-04 -5.069136619567871094e-03 -3.008961677551269531e-03 -4.703998565673828125e-04 -2.874374389648437500e-03 -4.555940628051757812e-03 -1.604676246643066406e-03 -2.438783645629882812e-03 -3.543019294738769531e-03 -3.797888755798339844e-03 4.201412200927734375e-02 -2.255558967590332031e-03
-4.353821277618408203e-03 -7.314667105674743652e-03 -3.924652934074401855e-03 -3.570795059204101562e-03 -2.633899450302124023e-03 -1.529902219772338867e-04 -4.503622651100158691e-03 -9.743273258209228516e-04 -1.191020011901855469e-02 -4.094272851943969727e-03 -3.031089901924133301e-03 -5.675941705703735352e-03 -5.760565400123596191e-03 -3.457829356193542480e-03 -2.255558967590332031e-03 6.361423432826995850e-02
